edad mujer fuma Pulso1 Pulso2
 31   0   1  62 126
 20   1   1  78 154
 28   0   0  64 128
 29   1   0  96 155
 21   0   1  66 128
 27   1   1  96 165
 21   0   0  68 120
 42   1   0  72 138
 22   1   1  88 160
 28   0   1  90 144
 21   1   0  82 140
 22   0   0  74 134
 43   1   1  66 148
 19   1   0  68 142
 23   0   1  92 134
 41   0   0  68 112
 24   0   0  76 158
 21   1   0  86 146
 21   1   1  88 156
 20   0   1  66 132
 38   0   1  70 122
 20   0   0  80 136
 33   1   1  76 148
 25   1   0  78 148
 37   1   0  76 136
 22   1   0  80 158
 32   0   0  68 116
 22   0   0  70 120
 22   0   1  68 126
 19   0   1  70 144
 21   1   0  86 144
 26   0   0  72 126
 32   1   0  84 136
 24   1   0  72 142
 28   1   0  80 138
 34   0   1  62 132
 35   0   0  74 116
 21   0   1  90 138
 21   0   0  66 142
 30   0   0  70 132
